0 0.292698 0.575496 0.180902 0.371638
0 0.456316 0.569308 0.192066 0.472043
0 0.115345 0.50183 0.197506 0.199269
0 0.878993 0.559369 0.24057 0.281707
0 0.648311 0.579513 0.37918 0.45014
57 0.751738 0.693653 0.49466 0.584943
0 0.456601 0.568645 0.197458 0.46877
0 0.29091 0.575347 0.181466 0.366993
0 0.113361 0.503537 0.197143 0.199972
0 0.873824 0.559682 0.250823 0.280133
28 0.774235 0.835674 0.450147 0.307606
0 0.644296 0.583306 0.373939 0.454664
0 0.759082 0.580832 0.480122 0.325145
0 0.639634 0.471896 0.371302 0.229141
0 0.455283 0.570816 0.191481 0.468443
0 0.279028 0.574746 0.17563 0.366475
0 0.872651 0.561452 0.254149 0.283814
0 0.112072 0.506455 0.195291 0.202469
0 0.644832 0.586668 0.371278 0.460785
0 0.454205 0.57152 0.192687 0.469307
0 0.279529 0.576174 0.172286 0.368062
0 0.109258 0.505504 0.196757 0.199323
0 0.873442 0.562008 0.25165 0.282149
0 0.643152 0.583764 0.375129 0.456971
0 0.453731 0.571497 0.193312 0.472718
0 0.281957 0.577625 0.170755 0.370169
0 0.109459 0.505397 0.197844 0.198059
0 0.87359 0.562295 0.252249 0.280241
28 0.763856 0.831425 0.470527 0.322472
0 0.641962 0.473219 0.374545 0.226027
0 0.327527 0.555428 0.0654128 0.272444
0 0.454082 0.57287 0.192534 0.47519
0 0.108525 0.505723 0.195695 0.196933
0 0.281185 0.578519 0.17355 0.37182
0 0.873041 0.563597 0.25344 0.283532
0 0.329646 0.55806 0.0685929 0.275587
28 0.765439 0.832719 0.467317 0.321194
0 0.643877 0.474729 0.375391 0.225104
56 0.0323973 0.742345 0.0645661 0.192725
0 0.651188 0.588803 0.381467 0.462881
0 0.452133 0.574133 0.188295 0.474172
0 0.279098 0.579042 0.18177 0.368546
0 0.107803 0.507009 0.194349 0.198227
0 0.872317 0.564988 0.254861 0.282913
0 0.330115 0.561794 0.0715716 0.280158
0 0.651096 0.600114 0.386238 0.476319
0 0.643518 0.476732 0.374748 0.224168
0 0.451207 0.574961 0.194899 0.48302
0 0.272232 0.583571 0.186162 0.380458
0 0.875515 0.566222 0.248448 0.286925
0 0.0983433 0.50609 0.194903 0.202487
0 0.65268 0.59509 0.392707 0.4763
0 0.324724 0.560972 0.0713569 0.281684
28 0.760244 0.836396 0.477827 0.325648
28 0.171906 0.867594 0.121084 0.127419
0 0.267565 0.586799 0.193946 0.396542
0 0.45114 0.578744 0.201365 0.501008
0 0.875499 0.569667 0.248339 0.297174
0 0.0909263 0.505004 0.181853 0.205078
0 0.320673 0.560239 0.0743586 0.287235
0 0.660787 0.594356 0.408973 0.487708
28 0.75099 0.824575 0.497275 0.350092
0 0.684325 0.672679 0.45199 0.633686
0 0.656599 0.477499 0.402082 0.236084
0 0.447535 0.582567 0.21223 0.522181
0 0.256066 0.587174 0.207038 0.411559
0 0.882727 0.573273 0.233714 0.30776
0 0.0854385 0.500529 0.170877 0.203132
0 0.664076 0.587529 0.422043 0.480175
0 0.313296 0.603841 0.0897904 0.382733
24 0.194616 0.800542 0.115755 0.15535
0 0.662497 0.476553 0.422478 0.246688
28 0.763683 0.848075 0.471845 0.302101
0 0.722589 0.657944 0.519354 0.606799
